    1234.魔方（四）
   
    时限：1000ms 内存限制：10000K  总时限：3000ms
   
    描述
   
    一个正方体魔方，用1～5六个数分别表示赤、橙、黄、绿、青、蓝六种颜色。一个整数表示魔方中的格子，用六个二维数组upside[3][3],downside[3][3],frontside[3][3]，backside[3][3]，leftside[3][3],rightside[3][3]分别代表前上、下、前、后、左、右六个面。通过旋转面和行、列，改变魔方的排列。从前面那个面平视，左边那一面作为各数组的第一列，各行首尾相连。各面二维数组的排列如图：(图中数字表示各面的二维数组的行列。例如：前面那个面中的0、1、2分别表示front[0][0],front[1][0],front[0][2]......)
    
    给定某个魔方，向上旋转90度，前面的面变为上面的面，上面的面变为后面的面......求旋转后魔方的各面的数组。
   
    输入
   
    输入上、下、前、后四个面的数组。
   
    输出
   
    按上、下、前、后的顺序输出旋转后各面的数组，各数组之间有一个空行。
   
    输入样例
   
    0 4 5
    
    1 0 2
    
    2 1 4
    
    5 4 0
    
    3 2 1
    
    2 5 4
    
    1 1 4
    
    0 4 0
    
    4 3 4
    
    4 0 4
    
    0 1 1
    
    4 5 3
    
    输出样例
   
    1 1 4
    
    0 4 0
    
    4 3 4
    
    4 0 4
    
    0 1 1
    
    4 5 3
    
    5 4 0
    
    3 2 1
    
    2 5 4
    
    0 4 5
    
    1 0 2
    
    2 1 4
    
    提示
   
    来源
   
