    1271.给定坐标的白兵是否能向指定的方向移动
   
    时限：1000ms 内存限制：10000K  总时限：3000ms
   
    描述
   
    给定一个白兵的坐标，编写一个程序求这个白兵是否能向指定方向移动。
    
    注1：这里的移动包括跳过对方棋子和移动到空格两种情况
    
    注2：方向规则约定：“左上方”用“7”表示，“右上方”用“9”表示，“左下方”用“1”表示，“右下方”用“3”表示
   
    输入
   
    先输入一个8*8的整数矩阵表示棋盘的当前状态，再输入两个整数m，n，表示白兵所在的行和列，其中0<=m，n<=7，再输入整数d，表示白兵的移动方向，d的取值范围为{1,3,7,9}。
   
    输出
   
    如果能向指定方向移动输出“Yes”，否则输出“No”。
   
    输入样例
   
    1 0 1 0 1 0 1 3
    
    3 1 6 1 0 1 0 1
    
    1 3 1 3 1 0 1 3
    
    3 1 0 1 0 1 0 1
    
    1 0 1 0 1 0 1 5
    
    5 1 0 1 3 1 3 1
    
    1 5 1 5 1 0 1 5
    
    5 1 5 1 5 1 5 1
    
    5
    
    0
    
    9
   
    输出样例
   
    Yes
   
    提示
   
    来源
   
