    1287.计算两颗相连的黑方棋子的气
   
    时限：1000ms 内存限制：10000K  总时限：3000ms
   
    描述
   
    给定两颗相连的黑方棋子(这两颗棋子不再与其他本方棋子相连)，编写一个程序求这两颗棋子的的气。
    
    注：“相连”指的是通过交叉点相连
   
    输入
   
    先输入一个19*19的整数矩阵表示棋盘的当前状态，在程序中，用19*19的二维数组表示该对阵棋盘，当交叉点处为空时用0表示，当交叉点处是黑方棋子时用1表示，当交叉点处是白方棋子时用2表示。再输入两个整数m，n，表示第一个黑方棋子所在的行和列，再输入两个整数p，q，表示第二个黑方棋子所在的行和列，其中0<=m，n，p，q<=18。
   
    输出
   
    输出与两颗相连的黑方棋子的气。
   
    输入样例
   
    1 0 0 0 0 0 0 0 0 0 0 0 0 0 0 0 0 0 0
    
    1 2 0 0 0 0 0 0 0 0 0 0 0 0 0 0 0 0 0
    
    0 0 0 0 0 0 0 0 0 0 0 0 0 0 0 0 0 0 0
    
    0 0 0 0 0 0 0 0 0 0 0 0 0 0 0 0 0 0 0
    
    0 0 0 0 0 0 0 0 0 0 0 0 0 0 0 0 0 0 0
    
    0 0 0 0 0 0 0 0 0 0 0 0 0 0 0 0 0 0 0
    
    0 0 0 0 0 0 0 0 0 0 0 0 0 0 0 0 0 0 0
    
    0 0 0 0 0 0 0 0 0 0 0 0 0 0 0 0 0 0 0
    
    0 0 0 0 0 0 0 0 0 0 0 0 0 0 0 0 0 0 0
    
    0 0 0 0 0 0 0 0 0 0 0 0 0 0 0 0 0 0 0
    
    0 0 0 0 0 0 0 0 0 0 0 0 0 0 0 0 0 0 0
    
    0 0 0 0 0 0 0 0 0 0 0 0 0 0 0 0 0 0 0
    
    0 0 0 0 0 0 0 0 0 0 0 0 0 0 0 0 0 0 0
    
    0 0 0 0 0 0 0 0 0 0 0 0 0 0 0 0 0 0 0
    
    0 0 0 0 0 0 0 0 0 0 0 0 0 0 0 0 0 0 0
    
    0 0 0 0 0 0 0 0 0 0 0 0 0 0 0 0 0 0 0
    
    0 0 0 0 0 0 0 0 0 0 0 0 0 0 0 0 0 0 0
    
    0 0 0 0 0 0 0 0 0 0 0 0 0 0 0 0 0 0 0
    
    0 0 0 0 0 0 0 0 0 0 0 0 0 0 0 0 0 0 0
    
    0 0
    
    1 0
   
    输出样例
   
    2
   
    提示
   
    来源
   
