    1289.判断黑方在指定坐标下子后，能吃掉对方几颗棋子
   
    时限：1000ms 内存限制：10000K  总时限：3000ms
   
    描述
   
    黑方在指定坐标的交叉点处下子，编写一个程序求当黑方下子后，可以吃掉白方几颗棋子。
   
    输入
   
    先输入一个19*19的整数矩阵表示棋盘的当前状态，在程序中，用19*19的二维数组表示该对阵棋盘，当交叉点处为空时用0表示，当交叉点处是黑方棋子时用1表示，当交叉点处是白方棋子时用2表示。再输入两个整数m，n，表示黑方欲下子的交叉点的坐标，其中0<=m，n<=18。
   
    输出
   
    输出白方被吃掉的棋子的个数，如果黑方不能吃棋，则输出0。
   
    输入样例
   
    0 0 0 0 0 0 0 0 0 0 0 0 0 0 0 0 0 0 0
    
    0 1 0 0 0 0 0 0 0 0 0 0 0 0 0 0 0 0 0
    
    0 1 0 1 1 0 0 0 0 0 0 0 0 0 0 0 0 0 0
    
    0 1 2 2 1 0 0 0 0 0 0 0 0 0 0 0 0 0 0
    
    0 1 1 1 2 0 0 0 0 0 0 0 0 0 0 0 0 0 0
    
    0 0 0 0 0 0 0 0 0 0 0 0 0 0 0 0 0 0 0
    
    0 0 0 0 0 0 0 0 0 0 0 0 0 0 0 0 0 0 0
    
    0 0 0 0 0 0 0 0 0 0 0 0 0 0 0 0 0 0 0
    
    0 0 0 0 0 0 0 0 0 0 0 0 0 0 0 0 0 0 0
    
    0 0 0 0 0 0 0 0 0 0 0 0 0 0 0 0 0 0 0
    
    0 0 0 0 0 0 0 0 0 0 0 0 0 0 0 0 0 0 0
    
    0 0 0 0 0 0 0 0 0 0 0 0 0 0 0 0 0 0 0
    
    0 0 0 0 0 0 0 0 0 0 0 0 0 0 0 0 0 0 0
    
    0 0 0 0 0 0 0 0 0 0 0 0 0 0 0 0 0 0 0
    
    0 0 0 0 0 0 0 0 0 0 0 0 0 0 0 0 0 0 0
    
    0 0 0 0 0 0 0 0 0 0 0 0 0 0 0 0 0 0 0
    
    0 0 0 0 0 0 0 0 0 0 0 0 0 0 0 0 0 0 0
    
    0 0 0 0 0 0 0 0 0 0 0 0 0 0 0 0 0 0 0
    
    0 0 0 0 0 0 0 0 0 0 0 0 0 0 0 0 0 0 0
    
    2 2
   
    输出样例
   
    2
   
    提示
   
    来源
   
