    1290.判断指定坐标的交叉点对白方而言是否为禁着点
   
    时限：1000ms 内存限制：10000K  总时限：3000ms
   
    描述
   
    给定一交叉点，编写一个程序判断该交叉点对白方而言是否为禁着点。
   
    输入
   
    先输入一个19*19的整数矩阵表示棋盘的当前状态，在程序中，用19*19的二维数组表示该对阵棋盘，当交叉点处为空时用0表示，当交叉点处是黑方棋子时用1表示，当交叉点处是白方棋子时用2表示。再输入两个整数m，n，表示给定交叉点的坐标，其中0<=m，n<=18。
   
    输出
   
    如果是禁着点则输出Yes，否则输出No。
   
    输入样例
   
    0 0 0 0 0 0 0 0 0 0 0 0 0 0 0 0 0 0 0
    
    0 1 0 0 0 0 0 0 0 0 0 0 0 0 0 0 0 0 0
    
    0 1 1 1 1 0 0 0 0 0 0 0 0 0 0 0 0 0 0
    
    0 1 0 2 1 0 0 0 0 0 0 0 0 0 0 0 0 0 0
    
    0 1 1 1 2 0 0 0 0 0 0 0 0 0 0 0 0 0 0
    
    0 0 0 0 0 0 0 0 0 0 0 0 0 0 0 0 0 0 0
    
    0 0 0 0 0 0 0 0 0 0 0 0 0 0 0 0 0 0 0
    
    0 0 0 0 0 0 0 0 0 0 0 0 0 0 0 0 0 0 0
    
    0 0 0 0 0 0 0 0 0 0 0 0 0 0 0 0 0 0 0
    
    0 0 0 0 0 0 0 0 0 0 0 0 0 0 0 0 0 0 0
    
    0 0 0 0 0 0 0 0 0 0 0 0 0 0 0 0 0 0 0
    
    0 0 0 0 0 0 0 0 0 0 0 0 0 0 0 0 0 0 0
    
    0 0 0 0 0 0 0 0 0 0 0 0 0 0 0 0 0 0 0
    
    0 0 0 0 0 0 0 0 0 0 0 0 0 0 0 0 0 0 0
    
    0 0 0 0 0 0 0 0 0 0 0 0 0 0 0 0 0 0 0
    
    0 0 0 0 0 0 0 0 0 0 0 0 0 0 0 0 0 0 0
    
    0 0 0 0 0 0 0 0 0 0 0 0 0 0 0 0 0 0 0
    
    0 0 0 0 0 0 0 0 0 0 0 0 0 0 0 0 0 0 0
    
    0 0 0 0 0 0 0 0 0 0 0 0 0 0 0 0 0 0 0
    
    3 2
   
    输出样例
   
    Yes
   
    提示
   
    来源
   
