    1291.存储对阵双方的历史走棋记录
   
    时限：1000ms 内存限制：10000K  总时限：3000ms
   
    描述
   
    围棋中允许悔棋，这里为了实现围棋游戏中的悔棋，采用“栈”来存储对阵双方的历史走棋记录。这里要求记录双方的每步下棋的所在坐标，以及提子的坐标，在提子的过程中，如果是多颗棋子，只记录其中的“第一颗棋子”的坐标即可。如果要提取的棋子被分成若干独立的块，则要记录所有块中的“第一颗棋子”。（这里所说的第一颗棋子是指在一个独立块中，按照先左后右，先上后下，最靠近左上角的一颗棋子）。
   
    输入
   
    先输入一个19*19的整数矩阵表示棋盘的当前状态，在程序中，用19*19的二维数组表示该对阵棋盘，当交叉点处为空时用0表示，当交叉点处是黑方棋子时用1表示，当交叉点处是白方棋子时用2表示。再输入两个整数m，n，表示黑方欲下子的坐标，其中0<=m，n<=18。
   
    输出
   
    输出黑方在该步中下子的坐标，如果吃起，还有输出吃棋的“第一颗棋子”。
   
    输入样例
   
    0 0 0 0 0 0 0 0 0 0 0 0 0 0 0 0 0 0 0
    
    0 1 0 0 0 0 0 0 0 0 0 0 0 0 0 0 0 0 0
    
    0 1 0 1 1 0 0 0 0 0 0 0 0 0 0 0 0 0 0
    
    0 1 2 2 1 0 0 0 0 0 0 0 0 0 0 0 0 0 0
    
    0 1 1 1 2 0 0 0 0 0 0 0 0 0 0 0 0 0 0
    
    0 0 0 0 0 0 0 0 0 0 0 0 0 0 0 0 0 0 0
    
    0 0 0 0 0 0 0 0 0 0 0 0 0 0 0 0 0 0 0
    
    0 0 0 0 0 0 0 0 0 0 0 0 0 0 0 0 0 0 0
    
    0 0 0 0 0 0 0 0 0 0 0 0 0 0 0 0 0 0 0
    
    0 0 0 0 0 0 0 0 0 0 0 0 0 0 0 0 0 0 0
    
    0 0 0 0 0 0 0 0 0 0 0 0 0 0 0 0 0 0 0
    
    0 0 0 0 0 0 0 0 0 0 0 0 0 0 0 0 0 0 0
    
    0 0 0 0 0 0 0 0 0 0 0 0 0 0 0 0 0 0 0
    
    0 0 0 0 0 0 0 0 0 0 0 0 0 0 0 0 0 0 0
    
    0 0 0 0 0 0 0 0 0 0 0 0 0 0 0 0 0 0 0
    
    0 0 0 0 0 0 0 0 0 0 0 0 0 0 0 0 0 0 0
    
    0 0 0 0 0 0 0 0 0 0 0 0 0 0 0 0 0 0 0
    
    0 0 0 0 0 0 0 0 0 0 0 0 0 0 0 0 0 0 0
    
    0 0 0 0 0 0 0 0 0 0 0 0 0 0 0 0 0 0 0
    
    2 2
   
    输出样例
   
    2 2
    
    3 2
   
    提示
   
    来源
   
