    1292.统计棋子数目
   
    时限：1000ms 内存限制：10000K  总时限：3000ms
   
    描述
   
    以棋盘为基础建一个矩阵10*9，每个位置的标志符代表不同的棋子，零代表该位置无棋子，+_1代表双方的兵，+_2代表双方的炮，+_3代表双方的车，+_4代表双方的马，+_5代表象，+_6代表士，+_7代表将。再定义各种棋子的移动函数，根据标志符的不同调用不同的函数。(也可以建立一个棋子的类，类的属性有标志符，类的方法有移动，移动规则随标志符而变化。)，并且我们约定，该矩阵的上面是红方，下面是黑方。+代表红方，-代表黑方。
   
    输入
   
    输入一个9*10的矩阵
   
    输出
   
    输出双方棋子统计的结果
   
    输入样例
   
    3 4 5 6 7 6 5 4 3
    
    0 0 0 0 0 0 0 0 0
    
    0 2 0 0 0 0 0 2 0
    
    1 0 1 0 1 0 1 0 1
    
    0 0 0 0 0 0 0 0 0
    
    0 0 0 0 0 0 0 0 0
    
    -1 0 -1 0 -1 0 -1 0 -1
    
    0 -2 0 0 0 0 0 -2 0
    
    0 0 0 0 0 0 0 0 0
    
    -3 -4 -5 -6 -7 -6 -5 -4 -3
   
    输出样例
   
    红方：16
    
    黑方：16
   
    提示
   
    输入样例每个矩阵元素之间用空格隔开即可
   
    来源
   
