    1293.查找红方兵的位置
   
    时限：1000ms 内存限制：10000K  总时限：3000ms
   
    描述
   
    给定一个10*9的矩阵，找出矩阵上红方兵的位置，并输出。
   
    输入
   
    输入一个矩阵
   
    输出
   
    输出红方兵的位置,输出规则按照兵的纵坐标小优先如果纵坐标相等则按照横坐标小优先;如果没有找到红兵的棋子则输出“Can't find”
   
    输入样例
   
    3 4 5 6 7 6 5 4 3
    
    0 0 0 0 0 0 0 0 0
    
    0 2 0 0 0 0 0 2 0
    
    1 0 1 0 1 0 1 0 1
    
    0 0 0 0 0 0 0 0 0
    
    0 0 0 0 0 0 0 0 0
    
    -1 0 -1 0 -1 0 -1 0 -1
    
    0 -2 0 0 0 0 0 -2 0
    
    0 0 0 0 0 0 0 0 0
    
    -3 -4 -5 -6 -7 -6 -5 -4 -3
    
    输出样例
   
    (4,1),(4,3),(4,5),(4,7),(4,9)
    
    提示
   
    来源
   
