    1295.兵的移动
   
    时限：1000ms 内存限制：10000K  总时限：3000ms
   
    描述
   
    给定一个棋局矩阵，然后给定一个兵的位置，输出这个兵所有可能移动到的位置
   
    输入
   
    输入一个棋局矩阵，再输入一个兵的位置。
   
    输出
   
    输出这个兵所有可能的移动到的位置。输出方向按照顺时针方向，从12点开始。如果不能移动则输出“Can't move”
   
    输入样例
   
    3 4 5 6 7 6 5 4 3
    
    0 0 0 0 0 0 0 0 0
    
    0 2 0 0 0 0 0 2 0
    
    1 0 1 0 0 0 1 0 1
    
    0 0 0 0 0 0 0 0 0
    
    0 0 0 0 1 0 0 0 0
    
    -1 0 -1 0 -1 0 -1 0 -1
    
    0 -2 0 0 0 0 0 -2 0
    
    0 0 0 0 0 0 0 0 0
    
    -3 -4 -5 -6 -7 -6 -5 -4 -3
    
    (6,5)
   
    输出样例
   
    (6,6),(7,5),(6,4)
   
    提示
   
    来源
   
