    1296.棋子的移动
   
    时限：1000ms 内存限制：10000K  总时限：3000ms
   
    描述
   
    输入一个棋局矩阵，再输入一个棋子的位置，首先判断该棋子是什么并输出，如果该棋子不是车和炮则输出该棋子所有可能移动到的位置。如果该棋子是车和炮则再输入一个位置，计算该棋子能否到达该位置。
   
    输入
   
    输入一个棋局矩阵，再输入一个棋子的位置
   
    输出
   
    如果该位置上没有棋子输出该位置上没有棋子，否则输出该棋子是什么。如果该棋子不是车和炮则输出该棋子所有可能移动到的位置。如果该棋子是车和炮则再输入一个位置，计算该棋子能否到达该位置,能到达输出yes不能到达输出no。
   
    输入样例
   
    3 4 5 6 7 6 5 4 3
    
    0 0 0 0 0 0 0 0 0
    
    0 2 0 0 0 0 0 2 0
    
    1 0 1 0 1 0 1 0 1
    
    0 0 0 0 0 0 0 0 0
    
    0 0 0 0 0 0 0 0 0
    
    -1 0 -1 0 -1 0 -1 0 -1
    
    0 -2 0 0 0 0 0 -2 0
    
    0 0 0 0 0 0 0 0 0
    
    -3 -4 -5 -6 -7 -6 -5 -4 -3
    
    (1,1)
    
    (5,1)
   
    输出样例
   
    (1,1)上的棋子是车
    
    no
    
    提示
   
    来源
   
