    1297.给出危险提示
   
    时限：1000ms 内存限制：10000K  总时限：3000ms
   
    描述
   
    输入一个棋局矩阵，再输入字符串“红方”或是“黑方”，如果是“红方”，则查看是否有棋子能够吃掉红方的将，如果有则输出提示“将军，危险！”并输出所有可能吃掉红方将的棋子的名称和位置。如果没有则输出“safe”。
   
    输入
   
    输入一个棋局矩阵和一个字符串
   
    输出
   
    如果输入的字符串是“红方”，则查看是否有棋子能够吃掉红方的将，如果有则输出提示“将军，危险！”并输出所有可能吃掉红方将的棋子的名称和位置。如果没有则输出“safe”。如果是“黑方”则查看黑方的将。输出的棋子的顺序依然按照顺时针方向，从12点钟位置开始。如果同一个方向上有多个可以吃掉将的棋子，则按照就近原则，先输出距离将最近的棋子。
   
    输入样例
   
    3 4 5 6 7 6 5 4 3
    
    0 0 0 0 0 0 0 0 0
    
    0 2 0 0 0 0 0 2 0
    
    1 0 1 0 1 0 1 0 1
    
    0 0 0 0 0 0 0 0 0
    
    0 0 0 0 0 0 0 0 0
    
    -1 0 -1 0 -1 0 -1 0 -1
    
    0 -2 0 0 0 0 0 -2 0
    
    0 0 0 0 0 0 0 0 0
    
    -3 -4 -5 -6 -7 -6 -5 -4 -3
    
    红方
    
    输出样例
   
    safe
   
    提示
   
    来源
   
