    1298.静态局势评估
   
    时限：1000ms 内存限制：10000K  总时限：3000ms
   
    描述
   
    完成对当前局面的静态评估。兵的权值为1和3(过河和不过河之分)，马、炮的权值为7，车的权值为15，象的权值为2，士的权值为1。统计双方权值计算出双方的实力态势。
   
    输入
   
    输入一个棋局矩阵
   
    输出
   
    输出双方实力对比如果红方占优则输出“红方占优”，黑方占优输出“黑方占优”，如果双方相等则输出“势均力敌”
   
    输入样例
   
    3 4 5 6 7 6 5 4 3
    
    0 0 0 0 0 0 0 0 0
    
    0 2 0 0 0 0 0 2 0
    
    1 0 1 0 1 0 1 0 1
    
    0 0 0 0 0 0 0 0 0
    
    0 0 0 0 0 0 0 0 0
    
    -1 0 -1 0 -1 0 -1 0 -1
    
    0 -2 0 0 0 0 0 -2 0
    
    0 0 0 0 0 0 0 0 0
    
    -3 -4 -5 -6 -7 -6 -5 -4 -3
    
    输出样例
   
    势均力敌
    
    提示
   
    来源
   
