    1440.求赋权图中一个结点到所有结点的最短路径的长度
   
    时限：1000ms 内存限制：10000K  总时限：3000ms
   
    描述
   
    给一个赋权图（无向图），求0号结点到其余所有结点的最短路径的长度。
   
    输入
   
    先输入一个小于等于100的正整数n，然后输入赋权图的邻接矩阵（10000表示无穷大,并且任意一条简单路径的长度都小于10000）
   
    输出
   
    按结点编号的顺序输出0号结点所有结点的最短路径的长度。
   
    输入样例
   
    6
    
    0 1 4 10000 10000 10000
    
    1 0 2 7 5 10000
    
    4 2 0 10000 1 10000
    
    10000 7 10000 0 3 2
    
    10000 5 1 3 0 6
    
    10000 10000 10000 2 6 0
    
    输出样例
   
    0
    
    1
    
    3
    
    7
    
    4
    
    9
    
    提示
   
    来源
   
