    1519.合并二叉排序树
   
    时限：1000ms 内存限制：10000K  总时限：3000ms
   
    描述
   
    先序建立两棵二叉排序树，采用二叉链表结构存储，将这两棵二叉排序树合并成一棵新的二叉排序树，并按照中序序列输出合并后的二叉排序树。
   
    输入
   
    输入两行先序遍历的整型数据，并以此分别建立两棵二叉排序树（其中整型数据必须为大于等于零的整数）。
    
    如输入某二叉排序树的先序序列为：12 8 4 -1 -1 10 -1 -1 16 13 -1 -1 18 -1 -1（其中-1代表空树）。
   
    输出
   
    按照中序序列输出合并后的二叉排序树（输出结果后换行）。
   
    输入样例
   
    12 8 4 -1 -1 10 -1 -1 16 13 -1 -1 18 -1 -1
    
    17 6 2 -1 -1 9 -1 -1 24 19 -1 -1 26 -1 -1
   
    输出样例
   
    2 4 6 8 9 10 12 13 16 17 18 19 24 26
   
    提示
   
    来源
   
