    1549.黑白棋（方向向量）
   
    时限：1000ms 内存限制：10000K  总时限：3000ms
   
    描述
   
    即给定棋盘上某个坐标（行row，列col），要求你求出从这个点开始向（行方向的偏移量dr，列方向的偏移量dc）方向（包含此点）共有多少个连续的与这个点相同的颜色的子。
   
    输入
   
    首先读入的是当前棋盘的状态，共8行，每行8个数字，1代表白棋，2代表黑棋,0代表为空格（未下子）。第9行有2个数字row,col代表给定点的行和列，最后一行输入表示方向向量的两个整数dr和dc（例如：0 -1表示向左，1 0表示向下，0 1表示向右，-1 1表示向右上）。
   
    输出
   
    连续颜色子的个数。
   
    输入样例
   
    0 0 0 0 0 0 0 0
    
    0 0 0 0 0 0 0 0
    
    0 0 0 2 0 0 0 0
    
    0 0 0 2 2 0 0 0
    
    0 0 0 2 1 0 0 0
    
    0 0 0 2 0 0 0 0
    
    0 0 0 0 0 0 0 0
    
    0 0 0 0 0 0 0 0
    
    4 3
    
    -1 0
    
    输出样例
   
    3
    
    提示
   
    来源
   
