    1261.黑白棋（状态改变）
   
    时限：1000ms 内存限制：10000K  总时限：3000ms
   
    描述
   
    相信大家已经对黑白棋很熟悉了，下面我们来编写一个状态转移的模块。即当你下完一个子后，棋盘的状态会发成相应的改变，这里我们需要你输出棋盘改变后的状态。
    
    输入
   
    对于本题，首先读入的是当前棋盘的状态，共8行，每行8个数字，1代表白棋，2代表黑棋,0代表为空格（未下子）。第9行有3个数字R C N,分别代表下子的行、列还有所要下子的颜色。
    
    输出
   
    输出下完子后棋盘的状态，输出共8行，数字两两直接请加入一个空格（注意：行尾无空格）。
    
    输入样例
   
    0 0 0 0 0 0 0 0
    
    0 0 0 0 0 0 1 0
    
    0 0 0 2 0 2 0 0
    
    0 0 1 2 2 2 0 0
    
    0 0 0 2 1 0 0 0
    
    0 0 0 2 0 0 0 0
    
    0 0 0 0 0 0 0 0
    
    0 0 0 0 0 0 0 0
    
    2 4 1
    
    输出样例
   
    0 0 0 0 0 0 0 0
    
    0 0 0 0 0 0 1 0
    
    0 0 0 2 1 2 0 0
    
    0 0 1 2 1 2 0 0
    
    0 0 0 2 1 0 0 0
    
    0 0 0 2 0 0 0 0
    
    0 0 0 0 0 0 0 0
    
    0 0 0 0 0 0 0 0
    
    提示
   
    来源
   
