    1263.黑白棋（final）
   
    时限：1000ms 内存限制：10000K  总时限：3000ms
   
    描述
   
    下面我们来编写黑白棋的一个比较重要的模块，对于某个棋盘状态，我们将要下一个子时，最朴素的考虑就是我下了这个子后棋盘上我方颜色的子尽量的多（如果大家对于黑白棋有一定研究，会发现这样走并不优）。我们这里要求大家编程实现找出可以使我方下完一个子后，棋盘上的我方颜色的子最多的位置，如果有多个这样的位置，请输出行数和列数最小的（优先比较行号，如果行号相同再比较列号）。
    
    输入
   
    首先读入的是当前棋盘的状态，共8行，每行8个数字，1代表白棋，2代表黑棋,0代表为空格（未下子）。第9行有1个数字N代表将要下子的颜色。
    
    输出
   
    下子的行号和列号，中间用空格分隔开。如果无法落子，请输出Impossible
    
    输入样例
   
    0 0 0 0 0 0 0 0
    
    0 0 0 0 0 0 0 0
    
    0 0 0 0 0 0 0 0
    
    0 0 0 1 2 0 0 0
    
    0 0 0 2 1 0 0 0
    
    0 0 0 0 0 0 0 0
    
    0 0 0 0 0 0 0 0
    
    0 0 0 0 0 0 0 0
    
    1
    
    输出样例
   
    2 4
   
    提示
   
    来源
   
