    1277.五子棋
   
    时限：1000ms 内存限制：10000K  总时限：3000ms
   
    描述
   
    五子棋相传起源于四千多年前的尧帝时期，比围棋的历史还要悠久，可能早在“尧造围棋”之前，民间就已有五子棋游戏。有关早期五子棋的文史资料与围棋有相似之处，因为古代五子棋的棋具与围棋是完全相同的。在古代，五子棋棋具虽然与围棋相类同，但是下法却是完全不同的。正如《辞海》中所言，五子棋是“棋类游戏，棋具与围棋相同，两人对局，轮流下子，先将五子连成一行者为胜”。
    
    五子棋传统棋子分为黑白两色，棋盘为15*15，棋子放置于棋盘线交叉点上。两人对局，各执一色，轮流下一子，先将横、竖或斜线的5个或5个以上同色棋子连成不间断的一排者为胜。
    
    此题要求同学们编写程序，求出从给定点开始向上共有多少个连续的相同颜色的子（包括此点）。
    
    输入
   
    对于本题，首先读入的是当前棋盘的状态，共15行，每行15个数字，1代表白棋，2代表黑棋,0代表为空格（未下子）。第16行有2个数字R,C代表给定点的行和列。
    
    输出
   
    从给定点开始向上连续的相同颜色的子连续颜色子的个数（包括此点）。
    
    输入样例
   
    0 0 0 0 0 0 0 0 0 0 0 0 0 0 0
    
    1 1 1 0 0 0 0 0 0 0 2 2 0 0 1
    
    0 2 2 2 0 0 0 0 2 0 0 0 0 0 1
    
    0 1 0 1 1 0 2 0 2 0 0 0 0 0 0
    
    0 0 0 0 0 0 0 0 2 0 0 1 0 0 0
    
    2 0 0 0 0 1 0 0 0 0 0 0 0 0 0
    
    2 0 0 0 0 0 0 0 0 1 0 1 0 0 0
    
    2 0 0 0 0 0 0 1 0 0 0 0 0 0 0
    
    2 0 0 0 0 0 0 2 1 0 0 0 0 1 0
    
    0 0 0 0 0 0 2 2 0 0 0 0 1 0 0
    
    2 0 0 0 0 2 0 0 0 0 0 1 0 0 0
    
    0 2 0 1 1 0 0 2 0 0 0 0 0 0 0
    
    0 0 2 0 0 0 0 0 0 1 0 0 0 0 0
    
    0 2 2 2 2 0 0 0 1 0 0 0 0 0 0
    
    1 1 1 1 0 0 0 0 0 0 0 0 0 0 0
    
    7 0
    
    输出样例
   
    3
   
    提示
   
    来源
   
