    1284.黑白棋（对战）
   
    时限：1000ms 内存限制：10000K  总时限：3000ms
   
    描述
   
    现在做为一个黑白棋高手的你要与此题的作者对战了，假定你先手由于同学们都是非常clever的，可以预先考虑4步棋（如黑走，白走，黑走，白走），而作者总是选择当前最优位置放子（没有高瞻远瞩的意识），如果有多个最优位置总是按照行数列数最小的原则放子（还非常懒）。注：这里的最优判断标准与上题（《又是黑白棋》）一致。这里需要同学输出对于给定状态所要下子的位置。如果有多个这样的位置，请输出行数和列数最小的（优先比较行号，如果行号相同再比较列号）。
    
    输入
   
    首先读入的是当前棋盘的状态，共8行，每行8个数字，1代表白棋，2代表黑棋,0代表为空格（未下子）。第9行有1个数字N代表将要下子(即你所使用的颜色)的颜色。第10-17行是位置重要性矩阵，每行8个数字。
    
    输出
   
    下子的行号和列号，中间用空格分隔开。如果无法落子，请输出Impossible
   
    输入样例
   
    0 0 0 0 0 0 0 0
    
    0 0 0 0 0 0 0 0
    
    0 0 0 0 0 0 0 0
    
    0 0 0 1 2 0 0 0
    
    0 0 0 2 1 0 0 0
    
    0 0 0 0 0 0 0 0
    
    0 0 0 0 0 0 0 0
    
    0 0 0 0 0 0 0 0
    
    1
    
    1 1 1 1 1 1 1 1
    
    1 1 1 1 1 1 1 1
    
    1 1 1 1 1 1 1 1
    
    1 1 1 1 1 1 1 1
    
    1 1 1 1 1 1 1 1
    
    1 1 1 1 1 1 1 1
    
    1 1 1 1 1 1 1 1
    
    1 1 1 1 1 1 1 1
    
    输出样例
   
    2 4
   
    提示
   
    把对方子吃完无疑是最优的解
   
    来源
   
