    1286.与指定坐标的棋子相连的本方棋子有多少颗（包括指定的
   
    时限：1000ms 内存限制：10000K  总时限：3000ms
   
    描述
   
    给定一个棋子的坐标，编写一个程序求与这个棋子相连的本方棋子的个数（包括指定的棋子）。
    
    注：“相连”指的是通过交叉点相连
   
    输入
   
    先输入一个19*19的整数矩阵表示棋盘的当前状态，在程序中，用19*19的二维数组表示该对阵棋盘，当交叉点处为空时用0表示，当交叉点处是黑方棋子时用1表示，当交叉点处是白方棋子时用2表示。再输入两个整数m，n，表示指定的棋子所在的行和列，其中0<=m，n<=18。
   
    输出
   
    输出与指定坐标的棋子相连的本方棋子有多少颗。
   
    输入样例
   
    0 0 0 0 0 0 0 0 0 0 0 0 0 0 0 0 0 0 0
    
    0 1 0 1 0 0 0 0 0 0 0 0 0 0 0 0 0 0 0
    
    0 1 1 0 0 0 0 0 0 0 0 0 0 0 0 0 0 0 0
    
    1 0 2 0 0 0 0 0 0 0 0 0 0 0 0 0 0 0 0
    
    0 0 0 0 0 0 0 0 0 0 0 0 0 0 0 0 0 0 0
    
    0 0 0 0 0 0 0 0 0 0 0 0 0 0 0 0 0 0 0
    
    0 0 0 0 0 0 0 0 0 0 0 0 0 0 0 0 0 0 0
    
    0 0 0 0 0 0 0 0 0 0 0 0 0 0 0 0 0 0 0
    
    0 0 0 0 0 0 0 0 0 0 0 0 0 0 0 0 0 0 0
    
    0 0 0 0 0 0 0 0 0 0 0 0 0 0 0 0 0 0 0
    
    0 0 0 0 0 0 0 0 0 0 0 0 0 0 0 0 0 0 0
    
    0 0 0 0 0 0 0 0 0 0 0 0 0 0 0 0 0 0 0
    
    0 0 0 0 0 0 0 0 0 0 0 0 0 0 0 0 0 0 0
    
    0 0 0 0 0 0 0 0 0 0 0 0 0 0 0 0 0 0 0
    
    0 0 0 0 0 0 0 0 0 0 0 0 0 0 0 0 0 0 0
    
    0 0 0 0 0 0 0 0 0 0 0 0 0 0 0 0 0 0 0
    
    0 0 0 0 0 0 0 0 0 0 0 0 0 0 0 0 0 0 0
    
    0 0 0 0 0 0 0 0 0 0 0 0 0 0 0 0 0 0 0
    
    0 0 0 0 0 0 0 0 0 0 0 0 0 0 0 0 0 0 0
    
    2 2
   
    输出样例
   
    3
   
    提示
   
    来源
   
