    1294.判断矩阵棋局
   
    时限：1000ms 内存限制：10000K  总时限：3000ms
   
    描述
   
    给定一个10*9的矩阵，判断该矩阵是否是一个合格的棋局。进行如下判断：
    
    a.双方棋子兵的数目不能超过5个，车、马、炮、象、士不能超过两个，将只能有一个。
    
    b.对于兵的位置进行判断，兵只能向前走在自己这方，而在对面可以是任意位置。
    
    c.对士的位置进行判断，士只能在那个米字上移动。
    
    d.对将的位置进行判断，将只能在那个田字上移动。
    
    e.对于象进行判断，象走田，其位置只能在这几个之中。
   
    输入
   
    输入一个矩阵10*9
   
    输出
   
    如果该矩阵满足棋局的要求输出yes，else输出no
   
    输入样例
   
    3 4 5 6 7 6 5 4 3
    
    0 0 0 0 0 0 0 0 0
    
    0 2 0 0 0 0 0 2 0
    
    1 0 1 0 1 0 1 0 1
    
    0 0 0 0 0 0 0 0 0
    
    0 0 0 0 0 0 0 0 0
    
    -1 0 -1 0 -1 0 -1 0 -1
    
    0 -2 0 0 0 0 0 -2 0
    
    0 0 0 0 0 0 0 0 0
    
    -3 -4 -5 -6 -7 -6 -5 -4 -3
   
    输出样例
   
    yes
    
    提示
   
    来源
   
