    1314.汇编模拟器二（单一语句对多个寄存器的操作）
   
    时限：1000ms 内存限制：10000K  总时限：3000ms
   
    描述
   
    设计程序，当有32个寄存器时用mov语句实现寄存器数值的赋值操作。32个寄存器分别为k0~k15,t0~t14,ra 。
    
    语句：
    
    mov k1 k2        解释：把k2的值赋给k1。
   
    输入
   
    首先输入32个寄存器的数值，中间用空格隔开，然后输入mov语句实现赋值。
   
    输出
   
    输出赋值语句执行后所有寄存器的值。
   
    输入样例
   
    1 2 3 4 5 6 1 2 3 4 5 6 1 2 3 4 5 6 1 2 3 4 5 6 1 2 3 4 5 6 1 2
    
    mov k2 k3
    
    输出样例
   
    1
    
    2
    
    4
    
    4
    
    5
    
    6
    
    1
    
    2
    
    3
    
    4
    
    5
    
    6
    
    1
    
    2
    
    3
    
    4
    
    5
    
    6
    
    1
    
    2
    
    3
    
    4
    
    5
    
    6
    
    1
    
    2
    
    3
    
    4
    
    5
    
    6
    
    1
    
    2
    
    提示
   
    来源
   
