    1609.勾股数（四）偶数开头的勾股数
   
    时限：1000ms 内存限制：10000K  总时限：3000ms
   
    描述
   
    勾股数（一）里，全都是奇数开头的勾股数，
    
    3 4 5
    
    5 12 13
    
    7 24 25
    
    9 40 41
    
    11 60 61
    
    佳佳想出了他们的规律：第一个数的平方刚好拆开成为后面的两个数，你能给出证明吗？
    
    现在佳佳又再考虑一个新的问题，以偶数开头的勾股数能有什么规律呢？但是以偶数开头的勾股数他知道的很少，你能写个程序帮他列出，n以内的所有以偶数开头的勾股数吗？
    
    输入
   
    输入一个正整数n。
   
    输出
   
    按字典序输出n以内的所有的以偶数开头的所有勾股数。
   
    输入样例
   
    26
    
    输出样例
   
    4 3 5
    
    6 8 10
    
    8 6 10
    
    8 15 17
    
    10 24 26
    
    12 5 13
    
    12 9 15
    
    12 16 20
    
    16 12 20
    
    20 15 25
    
    24 7 25
    
    24 10 26
   
    提示
   
    来源
   
